left_overall <- c(0.8352326405575925,
          0.8248633010041135,
          0.831960888443662,
          0.8363849174415559,
          0.813223916235221,
          0.8302653160457127,
          0.8377179090087769,
          0.8409666201681962,
          0.8251236591529535,
          0.8323761418359903,
          0.8241077896516468,
          0.8298466241302003,
          0.8411431161953565,
          0.8410283584217028,
          0.8389434376409336,
          0.8331098071129807,
          0.8331549660638191,
          0.8246693164058424,
          0.8360566466515246,
          0.8236569130004823,
          0.8377627648842348,
          0.8290275003498994,
          0.8416670312873005,
          0.8273504848938855,
          0.8438584210494834,
          0.8379624320195974,
          0.8037499155516953,
          0.8250922930591151,
          0.836671206742426,
          0.8353995162747323)

right_overall <- c(0.7691330217469867,
           0.7827875525204637,
           0.7956129232543468,
           0.7831329948802426,
           0.775797302653737,
           0.7847195693127689,
           0.7775182927352439,
           0.7843650605958086,
           0.7832481236286104,
           0.7875653500918768,
           0.7943015406648392,
           0.7826159246351816,
           0.7927487752518518,
           0.7742453507504873,
           0.7982253321169899,
           0.7951942082204229,
           0.7877003891098611,
           0.7819605737426916,
           0.7892014338048576,
           0.8008260058692689,
           0.7873636707059024,
           0.7823969270574127,
           0.7735349801399808,
           0.7931684480155763,
           0.7855460195593205,
           0.7939294653880744,
           0.793268109907707,
           0.7906169582423623,
           0.7877668609462559,
           0.7867950990141818)
neutralt_overall <- c(0.8581715093182846,
             0.8578631266513738,
             0.8525363587269345,
             0.8463288983200049,
             0.8389816348366804,
             0.8490197168470321,
             0.8423108638288187,
             0.8417425186422519,
             0.8423712083390287,
             0.849163594847456,
             0.8437708591381824,
             0.8484291993979202,
             0.857235463397689,
             0.8454183614428809,
             0.8417887114135345,
             0.8571344012698121,
             0.845511753597541,
             0.8291818513441549,
             0.856379855821151,
             0.8508919832985008,
             0.8428530579549375,
             0.8553346881271107,
             0.8507284745110585,
             0.8424712828205068,
             0.8383879552894312,
             0.8529260144377085,
             0.843496974069314,
             0.8546989845458046,
             0.8585052789316884,
             0.8502196119067155)

left_33 <- c(0.768124560309647,
             0.7627390322606716,
             0.7564373037814446,
             0.7549610825698132,
             0.7646481105104523,
             0.7621770942800696,
             0.7751036759852277,
             0.7593269256326516,
             0.7603457873778448,
             0.7563455278719179,
             0.7739442038755346,
             0.7644570487816805,
             0.7466221416046182,
             0.758840488782965,
             0.7697009458552423,
             0.7569489072084561,
             0.7659599139572555,
             0.7677138609718476,
             0.7670256522129233,
             0.7598545155544808,
             0.7674687678989734,
             0.768848732804127,
             0.7623847135471505,
             0.7525860011657202,
             0.7636732957298044,
             0.7689942293277925,
             0.7683439588853951,
             0.7733064155965548,
             0.748448061459463,
             0.7744319963012624)
right_33 <- c(0.747791301165665,
              0.7472079891126259,
              0.7225187697192585,
              0.7317163614391046,
              0.7419104194932249,
              0.753789844852847,
              0.7554843674800098,
              0.7151668151952778,
              0.7437067402359406,
              0.7527328279765244,
              0.7579224162822337,
              0.7489073748078605,
              0.749270182235666,
              0.7339580116318641,
              0.7553515365433972,
              0.7489926240078277,
              0.7440764845434147,
              0.7452566756389343,
              0.7273364995089286,
              0.7557949512760935,
              0.7613583550301977,
              0.7620627221502579,
              0.758910536012935,
              0.7369006665756478,
              0.7501790164512262,
              0.739478012003273,
              0.749471697912688,
              0.75261320580232,
              0.7568478180375579,
              0.7447542565562086)
neutral_33 <- c(0.7593315703185296,
                0.7659148926925606,
                0.7574755971446238,
                0.7658466820366627,
                0.7697435786792527,
                0.7393525864684809,
                0.752841019171909,
                0.7645943719563649,
                0.7609476788532926,
                0.7576407561598868,
                0.7632880077290034,
                0.7643470071437961,
                0.771623158238323,
                0.75680573861877,
                0.7559297331768307,
                0.760610818992497,
                0.7620361766729501,
                0.7634728785248548,
                0.7658357764239255,
                0.7666125864770821,
                0.7693903142801001,
                0.7628097622959461,
                0.7629003683428573,
                0.7655377573951199,
                0.7681824108952316,
                0.7644237106112779,
                0.7727168504443085,
                0.7607462125484453,
                0.76890235810884,
                0.7653834721188322)


left_66 <- c(0.7941753053229157,
             0.8002991843677627,
             0.7704865415788524,
             0.7960648697381547,
             0.7806680357040569,
             0.7904824834277294,
             0.787610843240516,
             0.7820805796212755,
             0.7978713445768543,
             0.7947187482452571,
             0.7937421970262224,
             0.7943810718603311,
             0.7952063161089993,
             0.7914934055287577,
             0.7914476512985795,
             0.7821446215052977,
             0.7706549032018121,
             0.7879293827591649,
             0.7852784180488644,
             0.7809341226370781,
             0.7925383021392672,
             0.7990608904353675,
             0.7889043955992728,
             0.7924174936825722,
             0.7888728113831979,
             0.7900774604887851,
             0.7908798098290599,
             0.7851829210822631,
             0.7935074737442432,
             0.7993883581625322)
